# Datos de entrada

b            <- 30    # cm
pef          <- 52    # cm
recub        <- 3     # cm
fc           <- 250   # kg/cm2
fy           <- 4200  # kg/cm2
ecu          <- 0.003 # 
Mu           <- 25    # ton-m
FR           <- 0.9   # 
costConcreto <- 1400  # m3
costAcero    <- 18    # kg

# Cálculos

B1           <- 0.85  